SRR13258790.642360	CP135021.1	225	225	1	225	2.62e-111	416	1470492
SRR13258790.623310	CP135018.1	287	286	1	286	4.31e-140	512	1470492
SRR13258790.518935	CP135021.1	224	224	1	224	1.22e-104	394	1470492
SRR13258790.475967	CP135021.1	330	329	1	329	2.29e-158	573	1470492
SRR13258790.641861	CP135021.1	262	262	1	262	3.07e-126	466	1470492
SRR13258790.574438	CP135021.1	271	271	1	271	1.90e-133	490	1470492
SRR13258790.248376	OU899036.1	201	201	1	201	1.11e-84	327	80765
SRR13258790.223771	CP135021.1	221	220	1	220	2.59e-101	383	1470492
SRR13258790.686534	CP135021.1	244	244	1	244	3.69e-120	446	1470492
SRR13258790.321769	CP135021.1	244	244	1	244	2.87e-116	433	1470492
SRR13258790.744057	CP135021.1	337	336	1	336	1.78e-169	610	1470492
SRR13258790.619736	XM_050208967.1	215	215	1	215	9.06e-101	381	80765
SRR13258790.409839	CP135021.1	281	281	1	281	3.31e-131	483	1470492
SRR13258790.793802	CP135018.1	224	224	1	224	9.39e-111	414	1470492
SRR13258790.287928	OZ317425.1	159	203	1	159	2.48e-66	267	486017
SRR13258790.287928	OZ317425.1	159	203	1	159	1.16e-64	261	486017
SRR13258790.606617	CP135021.1	309	308	1	308	2.76e-152	553	1470492
SRR13258790.611770	CP135021.1	213	213	1	213	8.96e-101	381	1470492
SRR13258790.248792	CP135021.1	308	307	1	307	4.61e-150	545	1470492
SRR13258790.667093	CP135021.1	310	310	2	310	7.85e-143	521	1470492
SRR13258790.297957	CP135018.1	226	226	1	226	4.45e-104	392	1470492
